Mutation test 0:
  Chromosome: fitness= 0.00, cities:  69  37  25  50  16  82  75  56  89  79  52  99   1  95  47  67   2  58  34  62  46   4  14  21  96  61   5  91  84  29  87  55  94  15  23  54  78   3  68  63  43  98  17  13  49  40  64  12  39  33  41  92   8  10  97  88  90   0  30  26  71  70  11  28   6  93  22   7  59  32  20  35  31  38  81  65  18  76  57  42  83  66  86  60  51  44  80  53  72  27  19  77  48  85  45  74  36  73   9  24
  Chromosome: fitness= 0.00, cities:  69  37  25  50  16  82  75  56  89  79  52  99   1  95  47  67   2  58  34  62  46   4  14  21  96  61   5  91  84  29  87  55  94  15  23  54  78   3  68  63  43  98  17  13  49  40  64  12  39  33  41  92   8  10  97  88  90   0  30  26  71  70  11  28   6  93  22   7  59  32  20  35  31  38  81  65  74  45  85  48  77  19  27  72  53  44  80  51  60  86  66  83  42  57  76  18  36  73   9  24
Mutation test 1:
  Chromosome: fitness= 0.00, cities:   5  62  57  56  29  18  70  39  32  97  63   2  72  44  27  50  55  77  34  66  31  43  36  47  91  12  52  45  41  16  58  60  79  49  84  67  22  20  93  53  46  94  82  38  37   7   9  80  81  98  21  88  33   6   8  28  48  75  65  78  30  51  54  83  95  68  87  64  71  24  99  73  74  59  35  19   0  96  23  90  69  14   1  10  42  11  61  40  86  89  85  25  17   4  13  92  76  26  15   3
  Chromosome: fitness= 0.00, cities:   5  62  57  56  29  18  70  39  32  97  63   2  72  44  27  50  55  77  34  66  31  43  36  47  91  12  52  45  41  16  58  60  79  49  84  67  22  20  93  53  46  94  82  38  37   7   9  80  81  98  21  88  33   6   8  28  48  75  65  78  30  51  92  13   4  17  25  85  89  86  40  61  11  42  10   1  14  69  23  90  96   0  19  35  59  74  73  99  24  71  64  87  68  95  83  54  76  26  15   3
Mutation test 2:
  Chromosome: fitness= 0.00, cities:   1  93  56  71  76  24  60  38  63   4  78  91   0   5  14  57  84  88  53  51  92  19  54  44  39  18  96  37  43  99  26  81  86  61  11  70  73  64  98  69   6  59  35  62  74  45  72  41  25   7  65  46  66  40  95  22  79  90  48  27  50  16  23  17  30  58   8   9  87  33  89  29  97  77  28   3  82  52  34  47  94  21  10  31  15  55  32   2  13  36  49  83  42  67  20  75  12  80  68  85
  Chromosome: fitness= 0.00, cities:   1  93  56  71  76  24  60  38  63   4  78  91   0   5  14  57  84  88  53  51  92  19  54  44  39  18  40  66  46  65   7  25  41  72  45  74  62  35  59  69   6  98  64  73  70  11  61  86  81  26  99  43  37  96  95  22  79  90  48  27  50  16  23  17  30  58   8   9  87  33  89  29  97  77  28   3  82  52  34  47  94  21  10  31  15  55  32   2  13  36  49  83  42  67  20  75  12  80  68  85
Mutation test 3:
  Chromosome: fitness= 0.00, cities:  90  54  56  75   6  43  40   1  21  70  17  68  78  23  38  59  29  45  76  96  13  60  85  24  57  28  48  97  49  32  65  15  86  61  27  39  67  80  20  63  66  64  94  95  11   9  10  83  99  26   5  46  53  35   0  47  41  93   8  51  73  58  84   3  14  44  77  12  98  91  42  52  33  19  25  79  34   2  22  72  18  55  89  16  71  92  62  31  74  30  87   4  50  82  37  69  36  88   7  81
  Chromosome: fitness= 0.00, cities:  90  54  56  75   6  43  40   1  21  70  17  68  78  81   7  88  36  69  37  82  50   4  87  30  74  31  62  92  71  16  89  55  18  72  22   2  34  79  25  19  33  52  42  91  98  12  77  44  14   3  84  58  73  51   8  93  41  47   0  35  53  46   5  26  99  83  10   9  11  95  94  64  66  63  20  80  67  39  27  61  86  15  65  32  49  97  48  28  57  24  85  60  13  96  76  45  29  59  38  23
Crossover test 0:
  Chromosome: fitness= 0.00, cities:  27  62  53  60  29  69  90  46  51  15  88  22  55  18  64   0   9  34  57  98   8  59  82  45  67  10  38  39  33  31  35  86  61  19  66  94  96  71  91  40  92  14  77  30   2  49  56  68  52  83  70  79  47  23  37  48  58  87  63   4  24  76  41   3  75   5  84  65  21  95   7  73  32   1  81  97  74  36  78  43  20  25  54  72  11  12  80  42  28  17  26  99  44  13  16  93  89   6  50  85
  Chromosome: fitness= 0.00, cities:  24  61  34  82  36  37  14  54  88  47  42   1  96  77  68  91  55  26  17  35  18  76   2  15  93  63   8   9  70   6  92  89  65  16  66  64  29  46  85   4  84  80  52  41  97  40  50  25  12  30  48  72  44   5  38  98  39  43   0  99  22  10  95  53  27  69  78  19  79  75  49   7  20  11  87  86  67   3  32  81  83  45  58  94  73  60  62  23  33  90  21  56  74  59  13  57  51  28  31  71
  Chromosome: fitness= 0.00, cities:  34  82  36  54  88  42   1  55  26  17  18  76  15  93   8   9   6  89  65  16  64  29  46  85  84  80  41  97  50  31  35  86  61  19  66  94  96  71  91  40  92  14  77  30   2  49  56  68  52  83  70  79  47  23  37  48  58  87  63   4  24  25  12  72  44   5  38  98  39  43   0  99  22  10  95  53  27  69  78  75   7  20  11  67   3  32  81  45  73  60  62  33  90  21  74  59  13  57  51  28
Crossover test 1:
  Chromosome: fitness= 0.00, cities:  78  55  67  11  61  19  95  22  31  40  28  33  84  49  46  44   2  79  98  13  36  92  60  68  34   0  16  80   1  30  59  53  58  97  51  54  93  35  24  26   4  45  42  86  91  56  63  88  69  57  47  90  50  15  32  18  77  27  23  76  48   5  83  38  43  85  81  94  14  10  71  37  20  72  21  82  65  89   8  70  29  12  25  96  99  39  62  52  17  66  41  64  73  74   7   3   9  75  87   6
  Chromosome: fitness= 0.00, cities:  15  40  19  81  69  47  50   5  27  43  82  95  61  87  36  94  57  80  59   2  31   4  48  41  76  33   0  25   3  53  74  18   1  49   7  10  96  90  83  32  72  68  46  54  89  17  14  93  62  16  75  39   6  86  26  23  22   9   8  77  56  60  99  73  91  55  30  92  98  45  13  63  12  44  35  84  65  88  70  38  66  78  20  64  79  21  85  71  34  67  52  37  29  11  97  42  51  28  58  24
  Chromosome: fitness= 0.00, cities:  15  40  19  81  69  47  50   5  27  43  82  95  61  87  36  94  57  80  59   2  31   4  48  41  76  33   0   3  53  74  18   1  49   7  10  90  83  32  72  68  46  54  89  17  14  93  16  75   6  86  26  23  22   9   8  77  56  60  73  91  55  30  92  98  45  13  63  44  35  84  65  88  38  66  78  20  64  79  21  70  29  12  25  96  99  39  62  85  71  34  67  52  37  11  97  42  51  28  58  24
Crossover test 2:
  Chromosome: fitness= 0.00, cities:  81  88  93  17  55  28  43  42  69  95  56  87  74  36  32  79  37  82   2  41  51  22  60   9  75  92  94  53  70  24   7   1   0  20  97  62  26   8  59  91  44  46  61   4  99  35  57  34  72  96  45  50  11  66  78  84  89  77  25  23  30   5  49  16  71  58  98  47  52  80  65  27  18  67  13  29  14  86  73  33  19  48  83  38   3  90  15  21  31  63  10  64  85   6  54  68  12  40  39  76
  Chromosome: fitness= 0.00, cities:  42  84  65  31  58  51  61  37  92  52  32  94  62  73  53  71  21  75  12  18   3  36  10  93   9  28  55  44  40  34  74  49  97  20  82  95  77  81   1  30  17  86  78  15  11  80  41  46  57  43   6  98  67  33  54   4  16   2  19  39   0  27   5  96  87  85  25  90  88  23   8  76  68  83   7  69  72  29  48  89  45  63  64  70  50  59  79  14  99  24  38  35  13  26  66  91  56  22  47  60
  Chromosome: fitness= 0.00, cities:  42  31  51  37  92  32  94  21  75  12   3  36  10  93   9  28  55  40  74  82  95  81  17  15  41  43   6  53  70  24   7   1  54  20  97  62  26   8  59  91  44  46  61   4  99  35  57  34  72  96  45  50  11  66  78  84  89  77  25  23  30   5  49  16  71  58  98  47  52  80  65  27  18  67  13  29  14  86  73  33  19  48  83   2  39   0  87  85  90  88  76  68  69  63  64  79  38  56  22  60
Crossover test 3:
  Chromosome: fitness= 0.00, cities:  24  96  64   4  56  82  99  31  70  78  19  35  90  91  51  22  88  95  44  61   7  69  65  76  12   6   2  37  26  54  20  89   0  86  58  15  38  39  85  13  36  18  34  83  47  23  68  17   3  67  25  21  98  10  74  77   5  32  84  72  48  28  60  55  53  16  52  29  59  63  97   1  93  43  94  92  33  49  40  87  80  81  73   8  50  46  62  79  27  71  45  75  41  57  30  11   9  66  42  14
  Chromosome: fitness= 0.00, cities:  85  86  46  43  83  89  69  59  58  53  10  28  42  55  48  12   9  72  23  25  32  67  65   5  37  13  82  11  76  14  34  41  87   0  66  44   8  31  47  68  62  97   4  22  27  95  16   2  74  39  18   7  30  52  33  56  60  73  49  57  99   1  92  94  26   6  29  54  35  19  24  91  45  21  93  70  96  81  77  64  17  51  38  88  63  79  15  71  61   3  20  36  84  50  80  90  98  40  78  75
  Chromosome: fitness= 0.00, cities:  85  86  83  89  69  58  10  28  42  48  12  72  23  25  32  67  65   5  37  13  82  76  14  34   0  66  44  31  47  68   4  22  95   2  74  39  18   7  56  99  26   6  54  35  19  24  91  21  70  96  77  64  17  51  38  88  15  61   3  20  36  84  60  55  53  16  52  29  59  63  97   1  93  43  94  92  33  49  40  87  80  81  73   8  50  46  62  79  27  71  45  75  41  57  30  11   9  90  98  78
